{
  "advancedEditorSelectedIdentifier" : "ShaderGraphEditorPluginID",
  "openSceneRelativePaths" : [
    "Materials\/GridMaterial.usda"
  ],
  "recentIdentifiers" : {
    "26DBAE76-5DD8-47B6-A085-1B4ADA111097" : [

    ],
    "4AD33D72-CD1E-40A0-813C-E4BC6400DC28" : [

    ]
  },
  "sceneCameraHistory" : {
    "26DBAE76-5DD8-47B6-A085-1B4ADA111097" : [
      {
        "date" : 780479169.32842,
        "title" : "Untitled",
        "transform" : [
          -0.97318465,
          -2.0040105e-09,
          -0.2300253,
          0,
          -0.13263151,
          0.8170299,
          0.5611336,
          0,
          0.18793757,
          0.5765953,
          -0.795121,
          0,
          0.40894082,
          0.688336,
          -0.94372815,
          1
        ]
      },
      {
        "date" : 780478636.572115,
        "title" : "Untitled",
        "transform" : [
          -0.064668074,
          -2.0040105e-09,
          -0.99790686,
          0,
          -0.57538843,
          0.81703,
          0.037287295,
          0,
          0.8153198,
          0.5765953,
          -0.052835733,
          0,
          1.0220672,
          0.688336,
          0.11503927,
          1
        ]
      },
      {
        "date" : 780478624.349254,
        "title" : "Untitled",
        "transform" : [
          -0.2246243,
          6.488366e-10,
          -0.9744454,
          0,
          -0.5707958,
          0.8104812,
          0.13157699,
          0,
          0.78976965,
          0.58576477,
          -0.18205377,
          0,
          1.1913614,
          0.46526712,
          -0.058699667,
          1
        ]
      },
      {
        "date" : 780478622.584314,
        "title" : "Untitled",
        "transform" : [
          -0.2246243,
          6.488366e-10,
          -0.9744454,
          0,
          -0.5707958,
          0.8104812,
          0.13157699,
          0,
          0.78976965,
          0.58576477,
          -0.18205377,
          0,
          1.1448476,
          0.53241396,
          -0.04443477,
          1
        ]
      },
      {
        "date" : 780478616.579689,
        "title" : "Untitled",
        "transform" : [
          -0.2246243,
          6.488366e-10,
          -0.9744454,
          0,
          -0.5707958,
          0.8104812,
          0.13157699,
          0,
          0.78976965,
          0.58576477,
          -0.18205377,
          0,
          0.96677667,
          0.717049,
          -0.22285657,
          1
        ]
      },
      {
        "date" : 780478160.501467,
        "title" : "Untitled",
        "transform" : [
          0.15825403,
          5.4230695e-09,
          -0.98739845,
          0,
          -0.22562723,
          0.97354233,
          -0.036162116,
          0,
          0.96127427,
          0.22850674,
          0.15406701,
          0,
          1.1767197,
          0.27972072,
          0.18859725,
          1
        ]
      }
    ],
    "4AD33D72-CD1E-40A0-813C-E4BC6400DC28" : [
      {
        "date" : 780482310.229466,
        "title" : "Untitled",
        "transform" : [
          -0.32962558,
          5.55148e-08,
          0.9441118,
          0,
          0.47231358,
          0.86586785,
          0.1649027,
          0,
          -0.81747603,
          0.5002729,
          -0.28541216,
          0,
          -0.7283632,
          0.4454583,
          -0.25437394,
          1
        ]
      },
      {
        "date" : 780480086.069042,
        "title" : "Untitled",
        "transform" : [
          -0.3296254,
          -1.4033429e-08,
          0.94411176,
          0,
          0.5593233,
          0.8056195,
          0.19528103,
          0,
          -0.7605949,
          0.59243333,
          -0.2655526,
          0,
          -0.39895582,
          0.2595132,
          -0.16553861,
          1
        ]
      },
      {
        "date" : 780479743.10012,
        "title" : "Untitled",
        "transform" : [
          -0.32962528,
          3.5194256e-10,
          0.94411176,
          0,
          0.5593233,
          0.8056195,
          0.195281,
          0,
          -0.76059484,
          0.5924334,
          -0.2655525,
          0,
          -1.4635351,
          0.98718673,
          -0.35484138,
          1
        ]
      },
      {
        "date" : 780479712.417438,
        "title" : "Untitled",
        "transform" : [
          -0.49670416,
          -2.8380365e-10,
          0.86791986,
          0,
          0.48599118,
          0.8285269,
          0.27812916,
          0,
          -0.71909493,
          0.55994934,
          -0.41153273,
          0,
          -1.4069971,
          0.9268469,
          -0.6353733,
          1
        ]
      },
      {
        "date" : 780479704.585199,
        "title" : "Untitled",
        "transform" : [
          -0.49670416,
          -2.8380365e-10,
          0.86791986,
          0,
          0.48599118,
          0.8285269,
          0.27812916,
          0,
          -0.71909493,
          0.55994934,
          -0.41153273,
          0,
          -0.57219183,
          0.41794878,
          -0.3498059,
          1
        ]
      },
      {
        "date" : 780479451.30359,
        "title" : "Untitled",
        "transform" : [
          -0.49670416,
          -2.8380365e-10,
          0.86791986,
          0,
          0.48599118,
          0.8285269,
          0.27812916,
          0,
          -0.71909493,
          0.55994934,
          -0.41153273,
          0,
          -1.1563238,
          0.84461904,
          -0.70691127,
          1
        ]
      },
      {
        "date" : 780479446.219556,
        "title" : "Untitled",
        "transform" : [
          0.3047905,
          0,
          0.9524194,
          0,
          0.6734622,
          0.7071069,
          -0.21551943,
          0,
          -0.67346233,
          0.70710677,
          0.21551946,
          0,
          -1.1259555,
          1.086527,
          0.31917554,
          1
        ]
      }
    ]
  },
  "sceneViewportBackgroundColors" : {

  },
  "selectedSceneRelativePath" : "Materials\/GridMaterial.usda"
}